#' Advent of Code 2015 solutions
#' @export
aoc15_solutions <- list(
  day01a = 138,
  day01b = 1771,
  day02a = 1586300,
  day02b = 3737498,
  day03a = 2081,
  day03b = 2341,
  day04a = 117946,
  day04b = 3938038,
  day05a = 255,
  day05b = 55,
  day06a = 377891,
  day06b = 14110788,
  day07a = NA,
  day07b = NA,
  day08a = NA,
  day08b = NA,
  day09a = NA,
  day09b = NA,
  day10a = NA,
  day10b = NA,
  day11a = NA,
  day11b = NA,
  day12a = NA,
  day12b = NA,
  day13a = NA,
  day13b = NA,
  day14a = NA,
  day14b = NA,
  day15a = NA,
  day15b = NA,
  day16a = NA,
  day16b = NA,
  day17a = NA,
  day17b = NA,
  day18a = NA,
  day18b = NA,
  day19a = NA,
  day19b = NA,
  day20a = NA,
  day20b = NA,
  day21a = NA,
  day21b = NA,
  day22a = NA,
  day22b = NA,
  day23a = NA,
  day23b = NA,
  day24a = NA,
  day24b = NA,
  day25a = NA,
  day25b = NA)
